,Angra dos Reis,Aperibé,Araruama,Areal,Armação dos Búzios,Arraial do Cabo,Barra Mansa,Barra do Piraí,Belford Roxo,Bom Jardim,Bom Jesus do Itabapoana,Cabo Frio,Cachoeiras de Macacu,Cambuci,Campos dos Goytacazes,Cantagalo,Cardoso Moreira,Carmo,Casimiro de Abreu,Comendador Levy Gasparian,Conceição de Macabu,Cordeiro,Duas Barras,Duque de Caxias,Engenheiro Paulo de Frontin,Guapimirim,Iguaba Grande,Itaboraí,Itaguaí,Italva,Itaocara,Itaperuna,Itatiaia,Japeri,Laje do Muriaé,Macaé,Macuco,Magé,Mangaratiba,Maricá,Mendes,Mesquita,Miguel Pereira,Miracema,Natividade,Nilópolis,Niterói,Nova Friburgo,Nova Iguaçu,Paracambi,Paraíba do Sul,Paty do Alferes,Petrópolis,Pinheiral,Piraí,Porciúncula,Porto Real,Quatis,Queimados,Quissamã,Resende,Rio Bonito,Rio Claro,Rio das Flores,Rio das Ostras,Rio de Janeiro,Santa Maria Madalena,Santo Antônio de Pádua,Sapucaia,Saquarema,Seropédica,Silva Jardim,Sumidouro,São Fidélis,São Francisco de Itabapoana,São Gonçalo,São José de Ubá,São José do Vale do Rio Preto,São João da Barra,São João de Meriti,São Pedro da Aldeia,São Sebastião do Alto,Tanguá,Teresópolis,Trajano de Moraes,Três Rios,Valença,Varre-Sai,Vassouras,Volta Redonda
Angra dos Reis,0.0,1.6206131710662643,0.3355985441678627,1.2108275328692963,0.349102222252396,0.6316950513879523,0.3490516231003839,0.27272737374545497,0.4949810371254304,0.5679361666006447,0.45001594397780226,0.2062916651527499,0.715616559812843,1.4002904728502312,0.3550640879125708,0.3762040357167965,0.7724791978630157,0.7449325136218051,0.28395933510429605,1.2577542076381987,1.0258393321038328,0.6858711772564955,0.7715537877950869,0.42098137857329787,0.943121531593872,0.6860209301288797,0.558748366321057,0.30214820613186455,0.2832956899367455,1.3664550321648468,1.6212213578393466,0.7333866722674484,0.6153673627223512,0.6172081402268239,0.7870883705784181,0.3497981353540033,0.7869970554381531,0.5831620455200119,0.40871576455380876,0.619218372337804,0.4383983423076358,0.7547879427446617,0.9502264943100207,1.2058631631545613,1.1052316443379984,0.6163356425488034,0.19900239506481854,0.33288045317063947,0.32864894774237746,0.958042152354224,0.7734248297049309,0.6517279277079006,0.3417089421975097,0.2910611206384432,0.4220279741242346,1.0882020547138402,0.7708406571515616,1.100268413629953,0.41771210702704165,0.5368835856074834,0.3005804845226414,1.0328190249714262,0.9200121868335321,0.4320959010054135,0.6380425916769149,0.26980364989156974,1.20056715648363,1.2763775597825278,0.9261599330150266,0.5268184359039151,0.6641062598139162,0.34618165905186493,1.299561742717195,0.8847793227135227,0.7155588993482611,0.20174541135757115,1.0689493543321849,0.600252887955904,0.3401486516417399,0.49609864527860037,0.38870720106627404,0.9342339822173948,0.23013762123037207,0.5163253640001343,0.9922660479505023,1.0603452861766858,0.302332979770295,1.1206436566604914,0.47561698580503786,0.22258651794031742
Aperibé,1.6206131710662643,0.0,1.671269342924783,1.7830188679245287,1.6085630288056756,1.643341712347437,1.6037133039966247,1.6011711125569292,1.6206445393196522,1.6311550851357575,1.6884622970218917,1.6117977290954366,1.5465984835126085,0.9621544537077669,1.499692101356058,1.6658090337335625,1.3012846246487355,1.4398784777742248,1.537044186009104,1.4039532794249778,1.474117077890663,1.6793768084750227,1.7255166217430375,1.516475481575171,1.581926514399206,1.7234595923771694,1.4265720229188716,1.4971048897538404,1.538663779771111,0.7809565598946904,1.0737328893821674,1.274664892638254,1.6884905660377354,1.3557951482479793,1.59940417080437,1.576968335712145,1.723842195540309,1.4144484937952668,1.6374346709185936,1.5225893880954864,1.7619047619047619,1.6142655616293418,1.820754716981133,1.1893133524859594,1.4111990261716374,1.5915295062224013,1.5877992640726537,1.6206121808035179,1.5461471595848029,1.232911535419727,1.6034737279143798,1.672691161866932,1.5690715651234317,1.631501230516817,1.6704695041684958,1.536060889699,1.6995425957690116,1.8773584905660383,1.6022840119165844,1.6624737945492662,1.6786039761028788,1.18442368605579,1.8207547169811322,1.6486373165618449,1.386550383948144,1.5589738423186081,1.8207547169811324,0.6670697072800381,1.3257445813191957,1.6904165888286948,1.605274442538594,1.6895512922149996,1.8301886792452833,1.2531695398398255,1.7035818675159495,1.5608779678084044,1.2124070897655808,1.7621044224817812,1.6513420143502526,1.625029079377519,1.5422024162390882,1.6507426736250506,1.5402997830517389,1.70180475799836,1.8301886792452835,1.4784699344447771,1.4438027418766999,1.6792452830188684,1.7490639453784598,1.6280894775627899
Araruama,0.3355985441678627,1.671269342924783,0.0,1.084114162627895,0.4279936451135485,0.6161355540746,0.49709672923967846,0.42185439994057894,0.44350390361734293,0.5432838173292879,0.500897817655767,0.2905419845580961,0.7697290877155898,1.5281555647393277,0.544264295555686,0.4805363815864623,0.8793123202603147,1.0250723328130853,0.32572680684270605,1.3581352411723986,0.9866202725653452,0.7225358370649746,0.7217478267559041,0.5250995079396886,0.9817192415610916,0.5424141938043814,0.6925085592806348,0.4215498859840566,0.401473505528168,1.411513944722045,1.7321803034622576,0.8953251236880303,0.5782606354334949,0.7485110190662438,0.8911033642263979,0.4190878549002044,0.8392203807206703,0.7540832085823413,0.5142324057430202,0.6367383976412971,0.39590853868294645,0.7965918298531951,0.9808062158627585,1.3062441966887612,1.2091302308614311,0.7527125654510246,0.36719431019111276,0.4635621040089855,0.3266217476391244,1.0640947507247223,0.7914676904806103,0.7649122807017542,0.44168629711604374,0.26132846339350513,0.4390239320734869,1.0845027846086581,0.7657022568169577,1.1998479521049137,0.5812090808604711,0.5200656460753389,0.31949505954840896,1.1724035289541381,1.049199588779557,0.48283970561838074,0.7251934561335026,0.33177227422864947,1.2547119009154555,1.3797585484335668,1.0459218414131037,0.40180158565129537,0.8897109218191611,0.3273916998140128,1.1405492730210023,0.9465890292612437,0.6680576248999465,0.3545735325845487,1.1725167670240373,0.6013881409681086,0.45534596919156284,0.5566303482936513,0.5458512226584307,1.1383265161149883,0.38717800055914237,0.5477277516330684,1.194279901872794,1.160938305795603,0.4589481508864494,1.138144794680092,0.5737047117961482,0.38948135655493166
Areal,1.2108275328692963,1.7830188679245287,1.084114162627895,0.0,1.3504511094854914,1.4367576243980742,1.2074547390841328,1.1303160919540227,1.3840913344562975,1.2650406504065044,1.3268292682926823,1.226398210290827,1.0223676012461063,1.7197674418604652,1.127442031991886,1.1318181818181823,1.2985815602836877,1.3960451977401127,1.1934356351236144,1.4,1.0384615384615385,1.2306717363751587,1.3523809523809525,1.2881246667636077,0.9631578947368422,0.9233082706766915,1.036943907156673,1.279780722763319,1.167993754879001,1.6131782945736444,1.8784313725490194,1.336434108527132,1.396666666666666,1.3528822055137844,1.3333333333333333,1.0713935657260298,0.8359062321326473,1.1923390383048085,1.3464788732394362,1.3427255985267035,1.325067385444744,1.5236760124610582,1.2761904761904765,1.365020576131687,1.3709677419354835,1.4567375886524827,1.191092669432918,1.3286384976525822,1.2466124661246603,1.291017964071856,0.9470252648736757,1.324561403508772,1.1720998531571223,1.1739130434782608,1.2364341085271322,1.012271540469974,1.4484848484848485,1.5490196078431375,1.2526315789473685,1.226984126984127,1.2495527728085865,1.4113057098106225,1.5424242424242423,1.3888888888888886,1.3637205987170349,1.2880574394916635,1.3833333333333335,1.5816194734227533,1.312121212121212,1.3702970297029706,1.2348484848484849,1.2644257703081232,1.3285714285714285,1.0971223021582726,1.4967795669072734,1.2451923686378898,1.4757575757575756,1.4624338624338622,1.1389671361502347,1.3932295046506604,1.396894185626579,1.1425531914893614,1.1552845528455284,1.3971014492753626,1.5444444444444443,1.2975308641975307,1.2153541357107478,1.268217054263566,1.3250324254215302,1.252150497788977
Armação dos Búzios,0.349102222252396,1.6085630288056756,0.4279936451135485,1.3504511094854914,0.0,0.4941424849202891,0.4999988314234899,0.42149780541331394,0.4703817052879146,0.5445608150302426,0.5582294451850363,0.3210195363492398,0.855384531240386,1.4241208894030384,0.5755033219262301,0.48950921061381913,0.9435166306090369,0.7968209490037568,0.4148635695491897,1.369143414498206,1.177311349952169,0.6819851969704136,0.8199393876058105,0.55615087940368,1.1823047010356909,0.7675993201731469,0.7690646759270396,0.33222180965274756,0.4646596163499277,1.4236028648713024,1.6355035357229943,0.8853433548584654,0.5118653986832481,0.6523257668677915,0.8153082046740846,0.5289430960030632,0.9931226245700857,0.7806218174468746,0.3773658777831584,0.7778730696326595,0.3410764976788911,0.5271110078006961,1.0448845229386559,1.356601772326934,1.2081648063808195,0.6851001572008899,0.3243561483334193,0.3089580911685449,0.409707725460576,1.0925537367109233,0.8946330103755481,0.8055596196049745,0.40543458294796475,0.3978541819068519,0.49940456950375145,1.2527862082928258,0.5312008157655561,1.1540083480356293,0.5537442728987795,0.6596881132360284,0.34894582629394916,1.1810313713713778,0.9637560683647003,0.2960253596683735,0.7768468410691338,0.2894317616182215,1.3476591075347475,1.3525849353016666,1.0833852255345904,0.37037090687854457,0.8660969608299529,0.297802339663005,1.3650329188002923,1.0502186692489457,0.6911822944824197,0.2859072908026502,1.1656802110350022,0.4219489632803458,0.529283479467392,0.5440818552826022,0.42149379310016893,1.1422745879313296,0.3959597684596346,0.5387551286536688,1.0539434826194152,1.1733762187310102,0.4550142338348962,1.275310049165547,0.44277328202194216,0.304529304013119
Arraial do Cabo,0.6316950513879523,1.643341712347437,0.6161355540746,1.4367576243980742,0.4941424849202891,0.0,0.8041707906194389,0.7301364365971109,0.556040531272222,0.7893747797831108,0.6419606154327997,0.5933853057599379,1.2005244445777892,1.4992440927246258,0.9330333349389875,0.7201428409293578,1.0822888562549091,1.1466115297766413,0.6506508807724359,1.4970572498662387,1.2557105815532785,0.5925944009423311,1.0540395933654365,0.629620544065862,1.3631832389963678,0.9048463856269889,1.1212017721699767,0.5453224868517464,0.719785280109465,1.4458322445779996,1.6893714789286505,1.0365101708814042,0.5622632423756019,0.9080003379234604,1.1316042916279465,0.8419631461892192,1.3251874265230217,1.0047133712967071,0.4495964551353062,0.719769782641469,0.4846098710843251,0.696749223684013,1.2399678972712687,1.5272135580083983,1.3246621446693936,0.7086848126771625,0.6223155258653418,0.501554783244924,0.6152718509528595,1.2323314847031461,1.246935916203244,0.7678634789220239,0.6983262740328522,0.5464163584339449,0.5132517077905111,1.3886399926239166,0.8050488837005689,1.3698423189500526,0.7886288755596857,0.7679686106652397,0.5879795668141632,1.2994652516416476,1.1205311542390197,0.5804351703228106,0.807774519708017,0.4999436409279507,1.4546548956661316,1.408883987627772,1.365088945783532,0.3749233189771626,1.064114256529987,0.5013313190444716,1.1621187800963084,1.2761827776943773,0.6274167285340853,0.5600193548301763,1.2607617101999127,0.5109089828190952,0.8480998349648451,0.582836393786528,0.6409259359093188,1.4962148378356845,0.7377950906314843,0.5837811431362968,1.3246537066761788,1.3769098151120627,0.7443134523789647,1.4383515622083698,0.5478032947975674,0.5844514348382771
Barra Mansa,0.3490516231003839,1.6037133039966247,0.49709672923967846,1.2074547390841328,0.4999988314234899,0.8041707906194389,0.0,0.39119477801035596,0.5675617496004145,0.6759915841969919,0.5892075118834259,0.3124214679331861,0.5718001851243615,1.313730589196821,0.2928730709056633,0.5627924613547616,0.6982530079532322,0.7380733199761733,0.4373428771425224,1.092271413357676,0.9662898337019741,0.8262733998226409,0.906587555149855,0.3757621947678538,0.9524129813351263,0.7436482580252546,0.6117994574251794,0.4359563417994725,0.494975720346275,1.344319786016793,1.5709703689782626,0.7637652224557736,0.695207667731629,0.7035600182565035,0.8291743736337644,0.35902754786081886,0.8110604507915974,0.5197161314512914,0.551778187763428,0.6241964238433972,0.6523915733030203,0.8539458361947982,0.9477407576449103,1.0797297711864042,0.9347109141502624,0.7944735232139211,0.4111200668142589,0.5083574347625104,0.4557347809899825,0.8713340092976983,0.6437855909761979,0.8856566335967713,0.527937678568915,0.45278510904292274,0.6672486811798793,0.9890973398176489,0.8875012101849158,1.0783687276827667,0.46746258617790465,0.6644099599371164,0.3767710482548137,0.9472045069622905,0.949172233517281,0.5247426340078095,0.5234697897476651,0.40001449699271857,1.314696485623004,1.2509487056179573,0.8056795078287959,0.6644197007560179,0.6459119953528897,0.4706043439740113,1.4408945686900967,0.8135449467901713,0.8164881774945764,0.438822255311195,0.9877529286474971,0.7801950741247863,0.33722569710060146,0.5738255520563593,0.49634993544456724,0.8308068792060359,0.4123632153710859,0.6516877344075562,1.066737664181754,0.8949067735010222,0.42386624194750505,1.0968125417935952,0.7356116076793338,0.4649241862245932
Barra do Piraí,0.27272737374545497,1.6011711125569292,0.42185439994057894,1.1303160919540227,0.42149780541331394,0.7301364365971109,0.39119477801035596,0.0,0.6128252725125367,0.568807821698907,0.6503289078457292,0.3346762580678341,0.6219722848855948,1.4495789895749798,0.35876810332905756,0.3828152211772903,0.7875550256786507,0.7820718877849215,0.42803965664226695,1.2254105090311986,1.0112732095490717,0.6486932389318653,0.8082922824302139,0.5685377419985659,0.8735254083484576,0.49104442139832355,0.572900686987261,0.44136850523325266,0.37995134458531876,1.3704089815557345,1.6317528735632185,0.7999039630597301,0.6970689655172417,0.6136083743842372,0.7223684210526321,0.3493065833694485,0.6742769267167449,0.596187083719754,0.4227072203334954,0.7214397980567728,0.5215323605043842,0.8602562036738642,0.807881773399015,1.1735194645475615,1.1133759733036706,0.6493488628026416,0.26672270711117463,0.4913103227515564,0.4366063919259883,0.9694017138137521,0.6797171402074028,0.7057622504537209,0.4496999848093575,0.40280484757621204,0.5664595028067364,1.0481734491761954,0.8175940438871476,1.0962221095334688,0.35750907441016366,0.6481595511767928,0.4383867435691815,1.0805312716345807,0.904584639498433,0.5215517241379313,0.7300699035728037,0.41004971907200793,1.2004310344827585,1.281858651523717,0.9291286691365065,0.6514680778422671,0.6647727272727274,0.3843596059113302,1.2478448275862069,0.8512838005457705,0.860092094430297,0.30392671129732696,1.1509273772204807,0.694649698960044,0.3663084830824026,0.6641902929132446,0.528778439869989,0.8502384446074839,0.29711342064159557,0.5331709145427289,1.0191570881226057,1.0292905795779357,0.40392030025106307,1.1620388933440258,0.531005411691042,0.2626687656690444
Belford Roxo,0.4949810371254304,1.6206445393196522,0.44350390361734293,1.3840913344562975,0.4703817052879146,0.556040531272222,0.5675617496004145,0.6128252725125367,0.0,0.679626408841292,0.4025894703480602,0.4184524609547876,1.0732737567364756,1.4782425603593483,0.7445465904139883,0.7585073077773807,0.9626912922455707,1.0471740309671764,0.43422064771029606,1.4670195984064593,1.2476137001684442,0.8816951784396485,0.9282104756557311,0.3978011970505727,1.2998611070067079,0.9595099483689573,0.9988444541946638,0.3286492338496287,0.609057091048236,1.3848765391797135,1.664462573350508,0.8699040004245867,0.5206681639528353,0.736141307789406,0.9787405065161497,0.6553474566262569,1.2171491915328847,0.8607455222128717,0.6031638078517898,0.5959784217073405,0.5443936772954814,0.6266247566472684,1.1728162348600297,1.4544779562351875,1.2703990146891013,0.6471382321669632,0.5709263992209141,0.5104355909331749,0.3574648997472568,1.1833189320404665,1.1332662483234461,0.935748692337244,0.6640431178840772,0.4154773820276833,0.5105637021271038,1.3468743906890686,0.7492215813383698,1.1922581497506355,0.6595466769112561,0.5846456868354678,0.3696120548946894,1.2482689627399755,1.110714103414833,0.4594859317487052,0.7396708398316009,0.3054390167387338,1.5092644581695673,1.3821016843632614,1.2383794042719058,0.3327722216354143,0.8981420039814203,0.46726086279542683,1.44413250982594,1.1308770838466788,0.38125303772531394,0.4186203863170564,1.260187501063413,0.6126782112183571,0.6613681715974302,0.2823829732037029,0.533677076496034,1.363517985353674,0.5992248805138248,0.626101603886434,1.309459937197163,1.2798360511255886,0.577202566633267,1.3501690975804022,0.7698046318285463,0.5820143478642806
Bom Jardim,0.5679361666006447,1.6311550851357575,0.5432838173292879,1.2650406504065044,0.5445608150302426,0.7893747797831108,0.6759915841969919,0.568807821698907,0.679626408841292,0.0,0.6794425087108016,0.5782652188937992,0.848370184636426,1.4550482132728306,0.6353268953793114,0.5175535846267554,0.9865075246497147,0.9222819346837535,0.5963029962780445,1.353774680603949,1.155722326454034,0.8399023153729639,0.8943089430894309,0.7292956018116239,1.1797175866495508,0.6423986796258938,0.7933198094069914,0.636541359825222,0.5988461758153882,1.4571752694271138,1.64103299856528,0.9247214242585033,0.8509756097560978,0.818448560425454,0.8397946084724005,0.5892005066600353,0.813203363594528,0.8909296916930047,0.6241841291652354,0.8514216412882357,0.6375430061578246,0.9042625940278094,1.1080139372822302,1.3134598012646794,1.2327301337529504,0.855734302023871,0.4917356542860033,0.5584460197995066,0.6016260162601627,1.0828099897765442,0.8766175681316716,0.835173299101412,0.5113355538841731,0.5162955107811948,0.6020986954055587,1.1797108832707128,0.8507021433850702,1.3586800573888091,0.6867779204107833,0.7042198993418505,0.605043850080719,1.1834425563392756,0.991130820399113,0.670460704607046,0.9299526566185117,0.5539908109683335,1.3902439024390245,1.3900258078586758,1.089094940536182,0.6619174112533206,0.9800443458980048,0.5127690100430415,1.2682926829268293,1.0486050184242848,0.8964531899622159,0.5182675614548495,1.221729490022173,0.7759710930442637,0.7402954311233251,0.7572846267073962,0.7185476838517025,1.1013665455803499,0.5331010452961675,0.7617532697066101,1.0722673893405597,1.1985202391706455,0.6264813539665857,1.142370958593307,0.7935845117206036,0.48267665438086255
Bom Jesus do Itabapoana,0.45001594397780226,1.6884622970218917,0.500897817655767,1.3268292682926823,0.5582294451850363,0.6419606154327997,0.5892075118834259,0.6503289078457292,0.4025894703480602,0.6794425087108016,0.0,0.42914669223394053,1.0076550848285522,1.480013775220808,0.7239008199790198,0.6813835216274244,0.9069760545629776,0.972916789700585,0.45539030034070893,1.3969802555168405,1.1493254712766905,0.8698930856771907,0.9663182346109177,0.44018262156488897,1.2696130570328255,0.9275628094626814,0.9700806717931786,0.42043303934784304,0.6147712343633976,1.476444372417146,1.680918220946915,0.856826053203196,0.6307665505226484,0.8231799009719422,0.9779570878415557,0.6388503807799694,1.141365399441791,0.8775171873269557,0.6355171680489444,0.5345332742988048,0.6112330988539,0.7314077306327137,1.1940766550522643,1.3844386133455686,1.2375857030459703,0.822047594336126,0.5388245839779083,0.5543433550304047,0.49926442121564063,1.1778463977967406,1.062985270439501,0.9391527599486524,0.620546746688361,0.38687067616017784,0.5310023498906087,1.2720590242082943,0.8625277161862532,1.175158844025415,0.7591784338896025,0.44312814556717,0.3776978551794208,1.1903713086072092,1.1321507760532146,0.608091366627952,0.7387067533235152,0.38475949356695677,1.422996515679442,1.3892603997362099,1.1364788205142966,0.4389484941525511,0.9374722838137475,0.45853658536585373,1.3365853658536577,1.0669541022234477,0.4696175372953858,0.4643146785147258,1.1959032837081613,0.7423409472189963,0.580497619865535,0.393197774195226,0.5894443584584426,1.2491857562952524,0.5926829268292687,0.72064838660809,1.1689250225835583,1.1976857228889743,0.5750640690444266,1.2127380277125026,0.7539961225070843,0.5888969141568055
Cabo Frio,0.2062916651527499,1.6117977290954366,0.2905419845580961,1.226398210290827,0.3210195363492398,0.5933853057599379,0.3124214679331861,0.3346762580678341,0.4184524609547876,0.5782652188937992,0.42914669223394053,0.0,0.691039048833692,1.3789596448329078,0.39526165978344746,0.4509423089960002,0.7409760896123879,0.7931141697948655,0.24085930452328788,1.2391605411739632,1.0119428669764234,0.7372070669694879,0.8330670075636516,0.3795207511729757,1.0795557125475874,0.7183237736399158,0.6191014817603417,0.23780938035165755,0.33936644155590123,1.3357612333732196,1.5766285037504926,0.7456304792081693,0.5332214765100669,0.5931293558280487,0.7328545076337372,0.4096563092783252,0.8999111029249051,0.6028898625081818,0.4652214555040908,0.5847075448766278,0.44633786991644386,0.6905656958470106,1.0032917865132627,1.201009012990121,1.0867191070698317,0.6939343455979181,0.2818090172380182,0.38640302256901166,0.2976919299394336,0.938557783761336,0.7837205019791452,0.7412849797872754,0.40466612134412133,0.27906494180202956,0.4494875396701524,1.1138182604073565,0.7339434614602395,1.110742641575645,0.4754660700969423,0.5599232981783314,0.1891392827556399,1.0154567240078218,0.9364517659819669,0.4193885160328111,0.5801547020526479,0.2037256456462302,1.273378076062639,1.2454833292769254,0.9217051540419444,0.48357808935255947,0.7589163446545993,0.30879000369722803,1.2978374347501858,0.8892000493564878,0.6584720312395843,0.24698684220041667,1.0311436512778787,0.5985937999360814,0.3862032748316894,0.4460709776668647,0.4006938435523368,1.0312088470020777,0.2894340122691733,0.5042959504587748,1.0828734775043494,1.0430406117207,0.29901949378000703,1.125678511350432,0.5456605065619765,0.3221767433418815
Cachoeiras de Macacu,0.715616559812843,1.5465984835126085,0.7697290877155898,1.0223676012461063,0.855384531240386,1.2005244445777892,0.5718001851243615,0.6219722848855948,1.0732737567364756,0.848370184636426,1.0076550848285522,0.691039048833692,0.0,1.1359204520756359,0.44091072058646796,0.6186830926083265,0.58816464505866,0.6010327894820215,0.750649743847153,0.7705919003115268,0.7653774263120061,0.9798325100979592,1.003720516243881,0.7939061669740255,0.7777274963108708,0.7097950483685851,0.5040778032863936,0.8242707131782713,0.6634507211801527,1.3042034340360804,1.5045629466739967,0.7362438740526253,1.090560747663551,0.7912135478884127,0.6170978848991641,0.47689250674284545,0.627855276446354,0.4218485935607707,0.9411276381027602,1.0270377446171324,1.0457636597223974,1.1229906542056072,1.0171695594125505,0.7917900593566918,0.717877600241182,1.05225690992245,0.6911823787179587,0.9006933358861754,0.8481118456044375,0.704153562034809,0.28916847565294906,0.9038858829316283,0.558652888138664,0.805211973452526,0.9133840469463161,0.6267899758424639,1.1427697536108752,1.345002748763057,0.7900639449090017,0.9036582109479308,0.8369030143948641,0.792637382379126,1.057230246389125,0.9644444444444444,0.7393234346516032,0.8573123193304765,1.066168224299066,1.208117330807695,0.5439978373368348,1.1496696585546406,0.6093670348343249,0.8520914160056547,1.2687850467289725,0.6004760303906411,1.2766602147301338,0.7742024560773727,0.8298499008779384,1.1776373436186518,0.5979869246632442,1.0348920169570675,0.7448126284667024,0.6247444820043748,0.6185411442899478,1.012753623188406,1.1645829006576673,0.5695099639024872,0.6605182541556153,0.9283373179743538,0.9950432136926193,0.7720609994382689
Cambuci,1.4002904728502312,0.9621544537077669,1.5281555647393277,1.7197674418604652,1.4241208894030384,1.4992440927246258,1.313730589196821,1.4495789895749798,1.4782425603593483,1.4550482132728306,1.480013775220808,1.3789596448329078,1.1359204520756359,0.0,1.1966348055690446,1.4631195677707307,0.8478476001979219,1.0699645250295626,1.3320991692936017,0.906921373200443,1.1441562313655336,1.493839714681522,1.576965669988926,1.2306128280652393,1.4290085679314566,1.598021215830273,1.1735864333588235,1.3006741326877305,1.3323348401503188,0.6058139534883719,0.45207478340173285,0.7677044261065264,1.5741860465116273,1.031605175730023,1.036046511627907,1.2800941372407368,1.5729486616937254,0.9840507192812873,1.5145758270553558,1.3015161248875755,1.6497941870912467,1.3678548141708313,1.7383720930232562,0.6405078635914123,0.8334208552138035,1.4038842157347853,1.385143298272701,1.3840038114522228,1.3562110039705042,0.601622336721905,1.3202649684425996,1.4993880048959611,1.2497694908308579,1.4425851027974383,1.4767441860465118,1.2139777764284412,1.590204369274137,1.8313953488372094,1.4588739290085682,1.5071982281284606,1.4736135957066185,0.50016142972095,1.5470401691331923,1.5251937984496118,0.9468995010691373,1.3742011445416817,1.4593023255813953,0.5768550930579142,0.7789256198347108,1.5671079898687548,1.2954545454545459,1.5204318936877073,1.6279069767441858,0.7743433160448389,1.5995603217850543,1.3953528907992345,0.6855179704016914,1.649993847668266,1.382001310186701,1.4070069269426384,1.2149084129103775,1.3923387761834072,1.2946479215622722,1.5672396359959555,1.6279069767441858,0.8064476436569459,1.1316821590241546,1.4011627906976745,1.6431997104334448,1.450286884327619
Campos dos Goytacazes,0.3550640879125708,1.499692101356058,0.544264295555686,1.127442031991886,0.5755033219262301,0.9330333349389875,0.2928730709056633,0.35876810332905756,0.7445465904139883,0.6353268953793114,0.7239008199790198,0.39526165978344746,0.44091072058646796,1.1966348055690446,0.0,0.4238460528392766,0.5856448447435241,0.6251169048517559,0.43564184375715864,1.0155257456322306,0.8623341808240158,0.8733079427244228,0.8669155948923611,0.4474363495658858,0.8553232063702327,0.6735934706077872,0.3707045770854962,0.4576545451482211,0.34911843587831104,1.2195296092727363,1.487605923298651,0.5672169183216841,0.8101783985617477,0.6268842483750519,0.6617414785754314,0.24586632259787583,0.7048049030368337,0.3860561647267826,0.6085749735586801,0.6978187072082982,0.7346652993879422,0.9091954810350549,1.0078135804176458,0.9811412492205572,0.8653557041590639,0.7255051389260773,0.35326720878467593,0.5721660775176445,0.496891395410981,0.726713907270509,0.535783009786375,0.8000247472505072,0.39521285312808246,0.5161464627940486,0.6309815941054823,0.8502635700005017,0.9312262439077537,1.1493406655982814,0.4449613870106053,0.6564329507214306,0.5143546878390074,0.8185087097409334,0.9531562338919546,0.6454478403171529,0.5709373322978244,0.504200708459489,1.1749412252800435,1.1322664607859716,0.6870881912244224,0.848722017824795,0.6442699362592873,0.5882889845192674,1.3455953533397864,0.608718656384531,0.9972116322229442,0.41636019593265083,0.9089945227408921,0.8648002171719494,0.3679969458571372,0.741183926620647,0.5711650197558871,0.7669500211363401,0.29411308357309823,0.7216854164537143,1.0590666728130416,0.820266308811,0.3677659729458542,1.0068342697622956,0.7424260116543175,0.459085742385125
Cantagalo,0.3762040357167965,1.6658090337335625,0.4805363815864623,1.1318181818181823,0.48950921061381913,0.7201428409293578,0.5627924613547616,0.3828152211772903,0.7585073077773807,0.5175535846267554,0.6813835216274244,0.4509423089960002,0.6186830926083265,1.4631195677707307,0.4238460528392766,0.0,0.9148936170212767,0.7318952234206471,0.5294569738303752,1.308874458874459,1.0306915306915305,0.628384606521489,0.8510101010101009,0.7161769652317856,0.9435140882509303,0.58249791144528,0.567751987964754,0.5836651683689845,0.3361247131738935,1.4312191684284714,1.665151515151515,0.8810471557283258,0.7236363636363635,0.7070137464874308,0.7530303030303032,0.4028960460665464,0.7148370497427102,0.6718283075251287,0.3990254659268744,0.9108962553713934,0.5189700236870048,0.8599546870574907,0.9339826839826838,1.256983414390822,1.1729553600521343,0.6698366645175153,0.28811769143719357,0.44028311281832405,0.6167159398866716,1.0177826165850117,0.6747363611666788,0.5468633705475809,0.38431673563832147,0.47013614404918747,0.46306084096781774,1.070225756257088,0.8484848484848484,1.1834521687462864,0.5603668261563001,0.6655844155844155,0.5196644440830489,1.1048632415569621,0.7954545454545454,0.5646464646464645,0.9016609430009288,0.538484859165191,1.0505050505050508,1.3336231164100025,0.9919651056014691,0.7067106710671068,0.7335858585858587,0.4232959850606909,1.0450937950937953,0.8959159944771454,0.9187418325397224,0.46291782629489375,1.1691919191919193,0.5912698412698412,0.46034286527244284,0.7540312272628948,0.660029329043413,0.9028046421663443,0.37174884735860336,0.5832235397452786,0.9393939393939392,1.1127545294211962,0.5040599156498116,1.0967230443974632,0.44754942420312066,0.3085310976810273
Cardoso Moreira,0.7724791978630157,1.3012846246487355,0.8793123202603147,1.2985815602836877,0.9435166306090369,1.0822888562549091,0.6982530079532322,0.7875550256786507,0.9626912922455707,0.9865075246497147,0.9069760545629776,0.7409760896123879,0.58816464505866,0.8478476001979219,0.5856448447435241,0.9148936170212767,0.0,0.7188965019834117,0.7114146306070995,0.6632218844984805,0.832515002727769,0.9848852573955725,1.1499493414387023,0.6584761415634602,1.0447928331466962,1.0165573508238681,0.6847195357833658,0.7221608840845081,0.7693955852309534,1.014992577931717,1.2445139758030865,0.43657882555745325,1.0912765957446804,0.6813309870420737,0.8324748040313552,0.6457575467081071,1.1174409693076888,0.49875149560422416,1.020827090200779,0.6969436934289408,1.1311865573206394,0.9740505070590576,1.3328267477203644,0.6573417389020227,0.6047357584076871,0.9574468085106383,0.7781654453959569,0.9017626065872998,0.7528397624401776,0.5248439291629508,0.8230245018987674,1.079843225083986,0.704564626487956,0.7837804502004317,0.9208312716476993,0.7975390256096886,1.186331399097356,1.4355444305381724,0.8993281075027998,0.9917257683215133,0.8657176569101361,0.5664200605305972,1.2911025145067692,1.0274231678486996,0.41838411104876577,0.7883531022088408,1.2340425531914887,0.9020832672733612,0.5253209073325129,1.050326522013903,0.7959381044487429,0.9398355086715535,1.361702127659574,0.48357569263737954,1.137447281061349,0.8396103134242004,0.6050934880722116,1.1926151075087241,0.7651583258415742,0.9138995126126995,0.7781401996265646,0.9574468085106386,0.7368225961894882,1.057354301572618,1.278565799842395,0.5698900521595558,0.5735354557238155,1.0932706580900542,1.1365455197726075,0.9187931961568726
Carmo,0.7449325136218051,1.4398784777742248,1.0250723328130853,1.3960451977401127,0.7968209490037568,1.1466115297766413,0.7380733199761733,0.7820718877849215,1.0471740309671764,0.9222819346837535,0.972916789700585,0.7931141697948655,0.6010327894820215,1.0699645250295626,0.6251169048517559,0.7318952234206471,0.7188965019834117,0.0,0.8054965538168104,0.7598062953995155,0.8935245545415037,1.046035530923074,1.0347054075867637,0.843928299440779,0.9723461195361283,1.1091287540886112,0.6077762842999049,0.7962069404114018,0.7255983805025207,1.2490342924714244,1.3943502824858756,0.7491398273297137,1.1388135593220334,0.6606346374410604,0.7489741302408565,0.7127245250258242,0.9557810274151816,0.6165513240230407,0.839977719423888,1.0861129319224647,1.0294668554981952,0.9507365753207667,1.152542372881356,0.7927274418172094,0.6475669764898853,0.8406058420483227,0.7355960334763345,0.7622995290696412,0.944191814799504,0.7930579518928244,0.6286519414860551,0.8610169491525425,0.6483984170835513,0.8966838614591008,0.9934962554197875,0.8834801079789354,1.0102722136620441,1.256231306081755,0.8319357716324712,1.0051116491794458,0.9008216852126982,0.8080278600337388,1.0046224961479198,0.8653483992467041,0.7565950284096629,0.8295717051073265,1.1059322033898307,1.192705044330497,0.6535229023672784,1.0986910555462328,0.5277349768875192,0.8872810141005552,1.4576271186440677,0.8069747591757103,1.2213741894804202,0.8091203350081588,0.7678479712378018,1.033360236750067,0.788891541338426,1.0201828000747917,0.7314394843638096,0.701767039307609,0.6880942538238946,0.9172193564234831,0.9704959196484617,0.6663378471288075,0.6860880952980583,1.0177374852187624,0.9101101365165205,0.7003907864341463
Casimiro de Abreu,0.28395933510429605,1.537044186009104,0.32572680684270605,1.1934356351236144,0.4148635695491897,0.6506508807724359,0.4373428771425224,0.42803965664226695,0.43422064771029606,0.5963029962780445,0.45539030034070893,0.24085930452328788,0.750649743847153,1.3320991692936017,0.43564184375715864,0.5294569738303752,0.7114146306070995,0.8054965538168104,0.0,1.19507977103885,0.983277591973244,0.7982521823409473,0.8461819510412858,0.3998437531185223,1.0852963611073716,0.7599561563755938,0.6317547791128896,0.2597710827973979,0.41094812836039607,1.262380300957593,1.522932651321398,0.6683220677292083,0.6142114236999148,0.6319891801114039,0.766096827747117,0.41060894875833437,0.967310512839635,0.5804730311386803,0.556728263871378,0.5307936866795719,0.5165872747786561,0.6871429595812317,1.1442577030812324,1.136953188861875,1.0563704864835133,0.7027443724946033,0.345838772095524,0.457873646591632,0.35224807491041654,0.9207875808485331,0.8512892985407194,0.8134607618791223,0.44379598228872075,0.2803069053708439,0.4735422986181327,1.0890688889927636,0.7598232969076959,1.1696504688832052,0.5414187643020594,0.5646490480250069,0.34633761725892803,0.9741772830447858,1.0918391071843756,0.4538789428815002,0.538733526197364,0.25632056116530877,1.2378516624040918,1.1773828173140577,0.8670534688902508,0.5416010398993862,0.8305142214988761,0.38855194251613684,1.2225063938618923,0.7978730059430719,0.6595852545687179,0.2764745274086218,0.9799271487251026,0.6804692891649413,0.4765438324748147,0.49051418101309296,0.5157576714797273,1.048811013767209,0.3463542362862429,0.6052855924978686,1.1154684095860563,1.0237125445991602,0.31122621540379175,1.121314855568112,0.6533515114724624,0.39747628289342535
Comendador Levy Gasparian,1.2577542076381987,1.4039532794249778,1.3581352411723986,1.4,1.369143414498206,1.4970572498662387,1.092271413357676,1.2254105090311986,1.4670195984064593,1.353774680603949,1.3969802555168405,1.2391605411739632,0.7705919003115268,0.906921373200443,1.0155257456322306,1.308874458874459,0.6632218844984805,0.7598062953995155,1.19507977103885,0.0,0.9216117216117217,1.272134709397067,1.5333333333333334,1.118234002922093,1.11328320802005,1.351378446115288,1.000534217555494,1.2012256411426137,1.194067135050742,1.2394241417497245,1.2672268907563022,0.8555567463294393,1.5395238095238089,1.0270676691729328,0.9799498746867168,1.0862743769549559,1.2882790165809035,0.7133775759692629,1.4386317907444661,1.1672717705866877,1.58921832884097,1.3425901201602126,1.50952380952381,0.5727219282774838,0.35115207373271895,1.4052684903748738,1.2263584271883026,1.2880678007438573,1.2155632984901272,0.6439121756487025,0.8260798696006518,1.3373433583959904,1.131361443255717,1.2662525879917184,1.3834994462901444,0.5582991421111527,1.5367965367965368,1.7109243697478993,1.33734335839599,1.4095238095238094,1.3660788823579517,0.6318545188258984,1.5229437229437226,1.4761904761904758,0.8525065336184365,1.2718140380633005,1.2738095238095237,1.1140160386062035,0.5774891774891775,1.5342762847713345,0.8650432900432904,1.406162464985994,1.5047619047619047,0.7751969852689278,1.6315803389651247,1.3258396037631626,0.6545454545454544,1.6349206349206347,1.1881958417169682,1.405889805630235,1.1226332353092905,0.7199594731509625,1.1586527293844369,1.5051759834368534,1.5058201058201055,0.4268077601410935,1.0161819854241847,0.8956810631229237,1.5058736335000926,1.3421661319978964
Conceição de Macabu,1.0258393321038328,1.474117077890663,0.9866202725653452,1.0384615384615385,1.177311349952169,1.2557105815532785,0.9662898337019741,1.0112732095490717,1.2476137001684442,1.155722326454034,1.1493254712766905,1.0119428669764234,0.7653774263120061,1.1441562313655336,0.8623341808240158,1.0306915306915305,0.832515002727769,0.8935245545415037,0.983277591973244,0.9216117216117217,0.0,1.09661694452569,1.2161172161172158,0.9594299840046531,0.9041835357624832,0.9728166570271835,0.7811833556514406,1.0269429330582125,0.9384495286134631,1.3202146690518801,1.35867269984917,0.8401561928943772,1.3423076923076915,0.9431270483902067,1.0450742240215924,0.811647604628397,0.8933456480626293,0.707165694940756,1.2744673167208374,0.9418331208386456,1.3130140299951618,1.2058471123891674,1.3351648351648353,0.9220217368365518,0.8942928039702236,1.2705946535733772,1.0021832109798914,1.0981975770708166,0.998749218261413,0.8558268079226162,0.7564416024073725,1.1897435897435897,0.8688580142324638,1.0430323299888515,1.099284436493739,0.7346856798553929,1.4219114219114217,1.71342383107089,1.2224021592442647,1.101343101343101,1.1138938580799043,0.8711595964906513,1.4708624708624707,1.3128205128205122,0.7833762815943855,1.0757495302908648,1.1346153846153846,1.2458252130383285,0.8938334392879848,1.2927138867732926,0.9758158508158509,1.1746606334841625,1.1208791208791207,0.6908688433868292,1.3307991286891894,1.0795169209316378,0.8694638694638694,1.4595034595034588,0.9230769230769231,1.1692707033394905,1.0198627663416389,0.9558101472995091,0.8926561243634419,1.2931995540691197,1.4529914529914525,0.875050875050875,0.84234388692041,1.129397734048897,1.3135787688316867,1.1262363960800188
Cordeiro,0.6858711772564955,1.6793768084750227,0.7225358370649746,1.2306717363751587,0.6819851969704136,0.5925944009423311,0.8262733998226409,0.6486932389318653,0.8816951784396485,0.8399023153729639,0.8698930856771907,0.7372070669694879,0.9798325100979592,1.493839714681522,0.8733079427244228,0.628384606521489,0.9848852573955725,1.046035530923074,0.7982521823409473,1.272134709397067,1.09661694452569,0.0,1.045084193373167,0.8286529573698851,1.0809152157961448,0.780639812458904,0.9575816411832914,0.7604926998990391,0.6806291425128301,1.4816989418457287,1.708640870796988,1.0299342896560644,0.9033333333333334,0.8373023814288577,1.088386365152425,0.7618358067247277,1.0475339520464713,0.8504281052739224,0.5219479105303559,0.9537368093047355,0.701054595021164,0.9082122170498561,1.0437262357414454,1.2846078017180682,1.2071139457868267,0.798964485074023,0.580121273317241,0.5879531133105816,0.7269776500046368,1.03988980214476,0.9899566471749391,0.7675805483289977,0.6638526434509754,0.638364467956136,0.6570283255224454,1.176218699017496,0.9888235971886165,1.49601133228957,0.8672536855446604,0.913211418914841,0.8170982494087987,1.192350608998462,1.1217882244498216,0.7733840304182511,0.9367758930483023,0.7013831770304674,1.2886565272496833,1.3723459112725473,1.1767222868156157,0.7251992119364029,0.8738910012674276,0.6645407973075163,0.8238276299112804,1.0527632646734322,0.9894714174423589,0.7428120686825479,1.2840188961861967,0.7155933771903354,0.8074046305717703,0.8851855781433382,0.7825888743791595,1.2578270366475206,0.7075842485746969,0.7291012288532542,1.1595549922546122,1.1236847928863136,0.7307668404906245,1.3524921154242935,0.6143125564054388,0.6269183185347855
